2004-01-01T23:30:00.000   0.00000000 24396159.000 0.72831215   7.000000 180.000000 261.000000   0.000000
2004-01-01T23:30:30.000  30.00000000 24395960.906 0.72830969   6.999976 180.005499 260.999995   0.284206
2004-01-01T23:31:00.000  60.00000000 24395509.003 0.72830390   6.999926 180.010988 260.999966   0.568432
2004-01-01T23:31:30.000  90.00000000 24394816.292 0.72829495   6.999853 180.016451 260.999895   0.852696
2004-01-01T23:32:00.000 120.00000000 24393891.995 0.72828293   6.999757 180.021875 260.999767   1.137014
2004-01-01T23:32:30.000 150.00000000 24392744.806 0.72826800   6.999640 180.027244 260.999566   1.421402
2004-01-01T23:33:00.000 180.00000000 24391385.903 0.72825028   6.999505 180.032543 260.999281   1.705873
2004-01-01T23:33:30.000 210.00000000 24389830.286 0.72823000   6.999354 180.037758 260.998901   1.990440
2004-01-01T23:34:00.000 240.00000000 24388096.835 0.72820740   6.999189 180.042874 260.998421   2.275115
2004-01-01T23:34:30.000 270.00000000 24386207.446 0.72818276   6.999012 180.047881 260.997834   2.559904
2004-01-01T23:35:00.000 300.00000000 24384185.653 0.72815640   6.998826 180.052770 260.997137   2.844813
2004-01-01T23:35:30.000 330.00000000 24382055.165 0.72812861   6.998632 180.057534 260.996330   3.129847
2004-01-01T23:36:00.000 360.00000000 24379839.691 0.72809971   6.998433 180.062167 260.995414   3.415005
2004-01-01T23:36:30.000 390.00000000 24377561.972 0.72806999   6.998231 180.066666 260.994390   3.700287
2004-01-01T23:37:00.000 420.00000000 24375243.144 0.72803972   6.998027 180.071029 260.993265   3.985692
2004-01-01T23:37:30.000 450.00000000 24372902.508 0.72800916   6.997824 180.075254 260.992044   4.271214
2004-01-01T23:38:00.000 480.00000000 24370557.339 0.72797852   6.997623 180.079341 260.990735   4.556850
2004-01-01T23:38:30.000 510.00000000 24368222.817 0.72794801   6.997425 180.083289 260.989347   4.842593
2004-01-01T23:39:00.000 540.00000000 24365912.046 0.72791779   6.997233 180.087099 260.987889   5.128438
2004-01-01T23:39:30.000 570.00000000 24363636.134 0.72788801   6.997046 180.090772 260.986371   5.414378
2004-01-01T23:40:00.000 600.00000000 24361404.336 0.72785880   6.996867 180.094308 260.984804   5.700407
2004-01-01T23:40:30.000 630.00000000 24359224.213 0.72783025   6.996695 180.097708 260.983197   5.986516
2004-01-01T23:41:00.000 660.00000000 24357101.797 0.72780244   6.996532 180.100975 260.981561   6.272700
