2004-01-01T23:30:00.000   0.00000000  7.1934541886877700e-01  1.1393312156755062e-01 -6.0409606802882570e-02 -9.5679417636998670e-03  8.1000000000000000e+01
2004-01-01T23:30:30.000  30.00000000  7.1935391174078440e-01  1.1386376053002624e-01 -6.0409396252833980e-02 -9.5679142479052630e-03  8.1289699644462440e+01
2004-01-01T23:31:00.000  60.00000000  7.1935904241479780e-01  1.1379430994597894e-01 -6.0408963937648450e-02 -9.5678769842267700e-03  8.1579385561968640e+01
2004-01-01T23:31:30.000  90.00000000  7.1936090102133990e-01  1.1372520003973700e-01 -6.0408316568696820e-02 -9.5678506162662840e-03  8.1869042621658520e+01
2004-01-01T23:32:00.000 120.00000000  7.1935954568126680e-01  1.1365684070131249e-01 -6.0407465039153760e-02 -9.5678546275105880e-03  8.2158656028853800e+01
2004-01-01T23:32:30.000 150.00000000  7.1935503859793910e-01  1.1358962223496380e-01 -6.0406423462496100e-02 -9.5679067338764540e-03  8.2448211737100510e+01
2004-01-01T23:33:00.000 180.00000000  7.1934747980771440e-01  1.1352391170028014e-01 -6.0405208184893050e-02 -9.5680224963923570e-03  8.2737696777077030e+01
2004-01-01T23:33:30.000 210.00000000  7.1933702238303820e-01  1.1346004579626075e-01 -6.0403836925159820e-02 -9.5682151308033450e-03  8.3027099480003330e+01
2004-01-01T23:34:00.000 240.00000000  7.1932387311578300e-01  1.1339832242660346e-01 -6.0402328076619290e-02 -9.5684954604319940e-03  8.3316409696473970e+01
2004-01-01T23:34:30.000 270.00000000  7.1930828272747570e-01  1.1333899308065533e-01 -6.0400700205099330e-02 -9.5688719586010490e-03  8.3605619022045870e+01
2004-01-01T23:35:00.000 300.00000000  7.1929052965462610e-01  1.1328225815985596e-01 -6.0398971777286835e-02 -9.5693508269327380e-03  8.3894720949269230e+01
2004-01-01T23:35:30.000 330.00000000  7.1927090236387500e-01  1.1322826713849636e-01 -6.0397161137946080e-02 -9.5699360570740300e-03  8.4183710785713460e+01
2004-01-01T23:36:00.000 360.00000000  7.1924969605715300e-01  1.1317712005910638e-01 -6.0395286400108840e-02 -9.5706294641380980e-03  8.4472585521313830e+01
2004-01-01T23:36:30.000 390.00000000  7.1922720041675880e-01  1.1312887042864195e-01 -6.0393365347086066e-02 -9.5714307563525610e-03  8.4761343769852910e+01
2004-01-01T23:37:00.000 420.00000000  7.1920369094884280e-01  1.1308353035544480e-01 -6.0391415336386440e-02 -9.5723376311246560e-03  8.5049985537261290e+01
2004-01-01T23:37:30.000 450.00000000  7.1917942500309120e-01  1.1304107614232933e-01 -6.0389453044344400e-02 -9.5733459155530400e-03  8.5338512041174300e+01
2004-01-01T23:38:00.000 480.00000000  7.1915463848267560e-01  1.1300145408767723e-01 -6.0387494204464650e-02 -9.5744497826125100e-03  8.5626925520634150e+01
2004-01-01T23:38:30.000 510.00000000  7.1912954399768700e-01  1.1296458613857589e-01 -6.0385553353508190e-02 -9.5756420256030700e-03  8.5915229032521600e+01
2004-01-01T23:39:00.000 540.00000000  7.1910433021654870e-01  1.1293037524795350e-01 -6.0383643604184335e-02 -9.5769143700706070e-03  8.6203426237781710e+01
2004-01-01T23:39:30.000 570.00000000  7.1907916216988920e-01  1.1289871028807630e-01 -6.0381776463315770e-02 -9.5782578024232390e-03  8.6491521193832670e+01
2004-01-01T23:40:00.000 600.00000000  7.1905418226133370e-01  1.1286947037309786e-01 -6.0379961714346720e-02 -9.5796628944852900e-03  8.6779518188198420e+01
2004-01-01T23:40:30.000 630.00000000  7.1902951173973360e-01  1.1284252844361263e-01 -6.0378207383071390e-02 -9.5811201032470170e-03  8.7067421672280590e+01
2004-01-01T23:41:00.000 660.00000000  7.1900525238737700e-01  1.1281775396635729e-01 -6.0376519805464830e-02 -9.5826200250830870e-03  8.7355236383155630e+01
