2004-01-01T23:30:00.000   0.00000000 24396159.000 0.72831215   7.000000 180.000000 261.000000   0.000000
2004-01-01T23:30:30.000  30.00000000 24395955.716 0.72830963   6.999976 180.005499 260.999995   0.284206
2004-01-01T23:31:00.000  60.00000000 24395499.936 0.72830380   6.999926 180.010988 260.999966   0.568432
2004-01-01T23:31:30.000  90.00000000 24394805.009 0.72829482   6.999853 180.016451 260.999895   0.852697
2004-01-01T23:32:00.000 120.00000000 24393879.794 0.72828280   6.999757 180.021875 260.999767   1.137015
2004-01-01T23:32:30.000 150.00000000 24392732.413 0.72826786   6.999640 180.027244 260.999566   1.421403
2004-01-01T23:33:00.000 180.00000000 24391373.588 0.72825015   6.999505 180.032543 260.999281   1.705874
2004-01-01T23:33:30.000 210.00000000 24389818.084 0.72822986   6.999354 180.037757 260.998901   1.990442
2004-01-01T23:34:00.000 240.00000000 24388084.718 0.72820726   6.999189 180.042874 260.998421   2.275116
2004-01-01T23:34:30.000 270.00000000 24386195.400 0.72818263   6.999012 180.047881 260.997834   2.559906
2004-01-01T23:35:00.000 300.00000000 24384173.658 0.72815626   6.998826 180.052770 260.997137   2.844815
2004-01-01T23:35:30.000 330.00000000 24382043.188 0.72812848   6.998632 180.057534 260.996330   3.129849
2004-01-01T23:36:00.000 360.00000000 24379827.722 0.72809958   6.998433 180.062167 260.995414   3.415007
2004-01-01T23:36:30.000 390.00000000 24377550.006 0.72806985   6.998231 180.066666 260.994390   3.700290
2004-01-01T23:37:00.000 420.00000000 24375231.181 0.72803959   6.998027 180.071028 260.993265   3.985695
2004-01-01T23:37:30.000 450.00000000 24372890.546 0.72800902   6.997824 180.075254 260.992044   4.271217
2004-01-01T23:38:00.000 480.00000000 24370545.379 0.72797838   6.997623 180.079340 260.990735   4.556853
2004-01-01T23:38:30.000 510.00000000 24368210.860 0.72794787   6.997425 180.083289 260.989347   4.842597
2004-01-01T23:39:00.000 540.00000000 24365900.091 0.72791766   6.997233 180.087099 260.987889   5.128442
2004-01-01T23:39:30.000 570.00000000 24363624.182 0.72788788   6.997046 180.090771 260.986371   5.414382
2004-01-01T23:40:00.000 600.00000000 24361392.386 0.72785867   6.996867 180.094307 260.984804   5.700411
2004-01-01T23:40:30.000 630.00000000 24359212.265 0.72783012   6.996695 180.097708 260.983197   5.986520
2004-01-01T23:41:00.000 660.00000000 24357089.851 0.72780231   6.996532 180.100975 260.981561   6.272705
