2004-01-01T23:30:00.000   0.00000000     1036.870 6546.53658496   0.000000  -9.994355   1.582950  -1.242449
2004-01-01T23:30:30.000  30.00000000      736.461 6589.97792373 -37.265755 -10.030809   1.312902  -1.241679
2004-01-01T23:31:00.000  60.00000000      435.145 6625.30178516 -74.485421 -10.054832   1.041963  -1.239379
2004-01-01T23:31:30.000  90.00000000      133.295 6652.49740236 -111.613407 -10.066429   0.771195  -1.235571
2004-01-01T23:32:00.000 120.00000000     -168.717 6671.58565953 -148.604966 -10.065721   0.501644  -1.230291
2004-01-01T23:32:30.000 150.00000000     -470.527 6682.61835561 -185.416587 -10.052935   0.234323  -1.223585
2004-01-01T23:33:00.000 180.00000000     -771.776 6685.67699207 -222.006365 -10.028404  -0.029804  -1.215512
2004-01-01T23:33:30.000 210.00000000    -1072.118 6680.87113930 -258.334313  -9.992548  -0.289831  -1.206141
2004-01-01T23:34:00.000 240.00000000    -1371.221 6668.33644283 -294.362648  -9.945874  -0.544928  -1.195551
2004-01-01T23:34:30.000 270.00000000    -1668.768 6648.23233298 -330.056017  -9.888955  -0.794341  -1.183825
2004-01-01T23:35:00.000 300.00000000    -1964.462 6620.73951017 -365.381684  -9.822420  -1.037405  -1.171053
2004-01-01T23:35:30.000 330.00000000    -2258.024 6586.05729114 -400.309654  -9.746942  -1.273546  -1.157327
2004-01-01T23:36:00.000 360.00000000    -2549.196 6544.40088466 -434.812746  -9.663222  -1.502278  -1.142744
2004-01-01T23:36:30.000 390.00000000    -2837.742 6495.99865541 -468.866633  -9.571979  -1.723209  -1.127396
2004-01-01T23:37:00.000 420.00000000    -3123.447 6441.08945553 -502.449823  -9.473937  -1.936032  -1.111379
2004-01-01T23:37:30.000 450.00000000    -3406.117 6379.92005146 -535.543617  -9.369815  -2.140526  -1.094785
2004-01-01T23:38:00.000 480.00000000    -3685.582 6312.74269757 -568.132025  -9.260319  -2.336544  -1.077701
2004-01-01T23:38:30.000 510.00000000    -3961.689 6239.81289259 -600.201662  -9.146133  -2.524015  -1.060214
2004-01-01T23:39:00.000 540.00000000    -4234.309 6161.38734316 -631.741612  -9.027913  -2.702930  -1.042401
2004-01-01T23:39:30.000 570.00000000    -4503.330 6077.72214597 -662.743279  -8.906282  -2.873337  -1.024340
2004-01-01T23:40:00.000 600.00000000    -4768.658 5989.07118433 -693.200227  -8.781830  -3.035335  -1.006098
2004-01-01T23:40:30.000 630.00000000    -5030.217 5895.68471818 -723.108027  -8.655105  -3.189067  -0.987741
2004-01-01T23:41:00.000 660.00000000    -5287.947 5797.80812579 -752.464108  -8.526616  -3.334711  -0.969327
