2004-01-01T23:30:00.000   0.00000000 24396159.000 0.71934542   0.113933  -0.060410  -0.009568  81.000000
2004-01-01T23:30:30.000  30.00000000 24395960.906 0.71935391   0.113864  -0.060409  -0.009568  81.289700
2004-01-01T23:31:00.000  60.00000000 24395509.003 0.71935904   0.113794  -0.060409  -0.009568  81.579386
2004-01-01T23:31:30.000  90.00000000 24394816.292 0.71936090   0.113725  -0.060408  -0.009568  81.869043
2004-01-01T23:32:00.000 120.00000000 24393891.995 0.71935955   0.113657  -0.060407  -0.009568  82.158656
2004-01-01T23:32:30.000 150.00000000 24392744.806 0.71935504   0.113590  -0.060406  -0.009568  82.448212
2004-01-01T23:33:00.000 180.00000000 24391385.903 0.71934748   0.113524  -0.060405  -0.009568  82.737697
2004-01-01T23:33:30.000 210.00000000 24389830.286 0.71933702   0.113460  -0.060404  -0.009568  83.027099
2004-01-01T23:34:00.000 240.00000000 24388096.835 0.71932387   0.113398  -0.060402  -0.009568  83.316410
2004-01-01T23:34:30.000 270.00000000 24386207.446 0.71930828   0.113339  -0.060401  -0.009569  83.605619
2004-01-01T23:35:00.000 300.00000000 24384185.653 0.71929053   0.113282  -0.060399  -0.009569  83.894721
2004-01-01T23:35:30.000 330.00000000 24382055.165 0.71927090   0.113228  -0.060397  -0.009570  84.183711
2004-01-01T23:36:00.000 360.00000000 24379839.691 0.71924970   0.113177  -0.060395  -0.009571  84.472586
2004-01-01T23:36:30.000 390.00000000 24377561.972 0.71922720   0.113129  -0.060393  -0.009571  84.761344
2004-01-01T23:37:00.000 420.00000000 24375243.144 0.71920369   0.113084  -0.060391  -0.009572  85.049986
2004-01-01T23:37:30.000 450.00000000 24372902.508 0.71917943   0.113041  -0.060389  -0.009573  85.338512
2004-01-01T23:38:00.000 480.00000000 24370557.339 0.71915464   0.113001  -0.060387  -0.009574  85.626926
2004-01-01T23:38:30.000 510.00000000 24368222.817 0.71912954   0.112965  -0.060386  -0.009576  85.915229
2004-01-01T23:39:00.000 540.00000000 24365912.046 0.71910433   0.112930  -0.060384  -0.009577  86.203426
2004-01-01T23:39:30.000 570.00000000 24363636.134 0.71907916   0.112899  -0.060382  -0.009578  86.491521
2004-01-01T23:40:00.000 600.00000000 24361404.336 0.71905418   0.112869  -0.060380  -0.009580  86.779518
2004-01-01T23:40:30.000 630.00000000 24359224.213 0.71902951   0.112843  -0.060378  -0.009581  87.067422
2004-01-01T23:41:00.000 660.00000000 24357101.797 0.71900525   0.112818  -0.060377  -0.009583  87.355236
