2004-01-01T23:30:00.000   0.00000000 24396159.000 0.72831215   7.000000 180.000000 261.000000   0.000000
2004-01-01T23:30:30.000  30.00000000 24395950.219 0.72830957   6.999976 180.005499 260.999995   0.284206
2004-01-01T23:31:00.000  60.00000000 24395489.336 0.72830369   6.999926 180.010987 260.999966   0.568433
2004-01-01T23:31:30.000  90.00000000 24394789.915 0.72829465   6.999853 180.016451 260.999895   0.852698
2004-01-01T23:32:00.000 120.00000000 24393860.977 0.72828259   6.999757 180.021874 260.999767   1.137016
2004-01-01T23:32:30.000 150.00000000 24392710.786 0.72826762   6.999640 180.027243 260.999566   1.421405
2004-01-01T23:33:00.000 180.00000000 24391350.077 0.72824988   6.999505 180.032542 260.999281   1.705877
2004-01-01T23:33:30.000 210.00000000 24389793.464 0.72822959   6.999354 180.037756 260.998901   1.990445
2004-01-01T23:34:00.000 240.00000000 24388059.490 0.72820698   6.999189 180.042872 260.998421   2.275120
2004-01-01T23:34:30.000 270.00000000 24386169.770 0.72818234   6.999012 180.047880 260.997834   2.559910
2004-01-01T23:35:00.000 300.00000000 24384147.678 0.72815597   6.998826 180.052768 260.997137   2.844820
2004-01-01T23:35:30.000 330.00000000 24382017.056 0.72812818   6.998632 180.057532 260.996330   3.129854
2004-01-01T23:36:00.000 360.00000000 24379801.554 0.72809928   6.998433 180.062165 260.995414   3.415013
2004-01-01T23:36:30.000 390.00000000 24377523.827 0.72806956   6.998231 180.066664 260.994390   3.700296
2004-01-01T23:37:00.000 420.00000000 24375205.001 0.72803929   6.998027 180.071027 260.993265   3.985701
2004-01-01T23:37:30.000 450.00000000 24372864.372 0.72800873   6.997824 180.075252 260.992044   4.271225
2004-01-01T23:38:00.000 480.00000000 24370519.213 0.72797809   6.997623 180.079339 260.990735   4.556861
2004-01-01T23:38:30.000 510.00000000 24368184.705 0.72794758   6.997425 180.083287 260.989347   4.842605
2004-01-01T23:39:00.000 540.00000000 24365873.948 0.72791736   6.997233 180.087097 260.987889   5.128451
2004-01-01T23:39:30.000 570.00000000 24363598.048 0.72788759   6.997046 180.090770 260.986371   5.414391
2004-01-01T23:40:00.000 600.00000000 24361366.258 0.72785838   6.996867 180.094306 260.984804   5.700420
2004-01-01T23:40:30.000 630.00000000 24359186.139 0.72782983   6.996695 180.097706 260.983197   5.986530
2004-01-01T23:41:00.000 660.00000000 24357063.728 0.72780202   6.996532 180.100973 260.981561   6.272715
